Table 1 (R=6, C=6) -- Quick
Comparisons=23 Exchanges=2
50 1 18 12 33 5
50 1 19 11 33 7
50 1 20 12 33 6
51 2 21 10 34 8
51 2 21 10 34 9
52 3 22 13 35 10

Table 1 (R=6, C=6) -- Heap
Comparisons=31 Exchanges=14
50 1 18 12 33 5
50 1 19 11 33 7
50 1 20 12 33 6
51 2 21 10 34 8
51 2 21 10 34 9
52 3 22 13 35 10

Table 1 (R=6, C=6) -- Lex
Comparisons=41 Exchanges=46
50 1 18 12 33 5
50 1 19 11 33 7
50 1 20 12 33 6
51 2 21 10 34 8
51 2 21 10 34 9
52 3 22 13 35 10

Table 2 (R=5, C=7) -- Quick
Comparisons=34 Exchanges=1
44 40 41 46 42 43 41
44 40 41 46 42 43 44
44 40 41 46 42 43 45
49 48 47 50 51 52 53
49 48 47 50 51 52 54

Table 2 (R=5, C=7) -- Heap
Comparisons=42 Exchanges=11
44 40 41 46 42 43 41
44 40 41 46 42 43 44
44 40 41 46 42 43 45
49 48 47 50 51 52 53
49 48 47 50 51 52 54

Table 2 (R=5, C=7) -- Lex
Comparisons=28 Exchanges=29
44 40 41 46 42 43 41
44 40 41 46 42 43 44
44 40 41 46 42 43 45
49 48 47 50 51 52 53
49 48 47 50 51 52 54

Table 3 (R=5, C=5) -- Quick
Comparisons=18 Exchanges=2
76 80 77 75 79
76 80 78 74 79
76 80 78 75 79
81 82 83 84 85
81 82 83 84 86

Table 3 (R=5, C=5) -- Heap
Comparisons=25 Exchanges=10
76 80 77 75 79
76 80 78 74 79
76 80 78 75 79
81 82 83 84 85
81 82 83 84 86

Table 3 (R=5, C=5) -- Lex
Comparisons=22 Exchanges=24
76 80 77 75 79
76 80 78 74 79
76 80 78 75 79
81 82 83 84 85
81 82 83 84 86

Table 4 (R=4, C=8) -- Quick
Comparisons=24 Exchanges=1
114 111 115 116 117 114 112 113
114 111 115 116 117 114 118 113
114 111 115 116 117 114 119 113
135 136 137 138 139 140 141 142

Table 4 (R=4, C=8) -- Heap
Comparisons=31 Exchanges=7
114 111 115 116 117 114 112 113
114 111 115 116 117 114 118 113
114 111 115 116 117 114 119 113
135 136 137 138 139 140 141 142

Table 4 (R=4, C=8) -- Lex
Comparisons=24 Exchanges=25
114 111 115 116 117 114 112 113
114 111 115 116 117 114 118 113
114 111 115 116 117 114 119 113
135 136 137 138 139 140 141 142